(kicad_pcb (version 20171130) (host pcbnew "(5.1.4)-1")

  (general
    (thickness 1.6)
    (drawings 0)
    (tracks 0)
    (zones 0)
    (modules 68)
    (nets 156)
  )

  (page A4)
  (layers
    (0 F.Cu signal)
    (31 B.Cu signal)
    (32 B.Adhes user hide)
    (33 F.Adhes user hide)
    (34 B.Paste user hide)
    (35 F.Paste user hide)
    (36 B.SilkS user)
    (37 F.SilkS user)
    (38 B.Mask user hide)
    (39 F.Mask user hide)
    (40 Dwgs.User user)
    (41 Cmts.User user hide)
    (42 Eco1.User user hide)
    (43 Eco2.User user hide)
    (44 Edge.Cuts user hide)
    (45 Margin user hide)
    (46 B.CrtYd user hide)
    (47 F.CrtYd user hide)
    (48 B.Fab user hide)
    (49 F.Fab user hide)
  )

  (setup
    (last_trace_width 0.25)
    (trace_clearance 0.2)
    (zone_clearance 0.508)
    (zone_45_only no)
    (trace_min 0.2)
    (via_size 0.8)
    (via_drill 0.4)
    (via_min_size 0.4)
    (via_min_drill 0.3)
    (uvia_size 0.3)
    (uvia_drill 0.1)
    (uvias_allowed no)
    (uvia_min_size 0.2)
    (uvia_min_drill 0.1)
    (edge_width 0.05)
    (segment_width 0.2)
    (pcb_text_width 0.3)
    (pcb_text_size 1.5 1.5)
    (mod_edge_width 0.12)
    (mod_text_size 1 1)
    (mod_text_width 0.15)
    (pad_size 1.524 1.524)
    (pad_drill 0.762)
    (pad_to_mask_clearance 0.051)
    (solder_mask_min_width 0.25)
    (aux_axis_origin 0 0)
    (visible_elements 7FFFFFFF)
    (pcbplotparams
      (layerselection 0x010fc_ffffffff)
      (usegerberextensions false)
      (usegerberattributes false)
      (usegerberadvancedattributes false)
      (creategerberjobfile false)
      (excludeedgelayer true)
      (linewidth 0.100000)
      (plotframeref false)
      (viasonmask false)
      (mode 1)
      (useauxorigin false)
      (hpglpennumber 1)
      (hpglpenspeed 20)
      (hpglpendiameter 15.000000)
      (psnegative false)
      (psa4output false)
      (plotreference true)
      (plotvalue true)
      (plotinvisibletext false)
      (padsonsilk false)
      (subtractmaskfromsilk false)
      (outputformat 1)
      (mirror false)
      (drillshape 1)
      (scaleselection 1)
      (outputdirectory ""))
  )

  (net 0 "")
  (net 1 "Net-(Q1-Pad1)")
  (net 2 "Net-(Q2-Pad1)")
  (net 3 "Net-(Q3-Pad1)")
  (net 4 "Net-(Q4-Pad1)")
  (net 5 "Net-(Q5-Pad1)")
  (net 6 GND)
  (net 7 "Net-(RN1-Pad8)")
  (net 8 "Net-(RN1-Pad7)")
  (net 9 "Net-(RN1-Pad6)")
  (net 10 "Net-(RN1-Pad5)")
  (net 11 "Net-(RN1-Pad4)")
  (net 12 "Net-(RN1-Pad3)")
  (net 13 "Net-(RN1-Pad2)")
  (net 14 "Net-(RN1-Pad1)")
  (net 15 "Net-(RN2-Pad1)")
  (net 16 "Net-(RN2-Pad2)")
  (net 17 "Net-(RN2-Pad3)")
  (net 18 "Net-(RN2-Pad4)")
  (net 19 "Net-(RN2-Pad5)")
  (net 20 "Net-(RN2-Pad6)")
  (net 21 "Net-(RN2-Pad7)")
  (net 22 "Net-(RN2-Pad8)")
  (net 23 "Net-(RN3-Pad8)")
  (net 24 "Net-(RN3-Pad7)")
  (net 25 "Net-(RN3-Pad6)")
  (net 26 "Net-(RN3-Pad5)")
  (net 27 "Net-(RN3-Pad4)")
  (net 28 "Net-(RN3-Pad3)")
  (net 29 "Net-(RN3-Pad2)")
  (net 30 "Net-(RN3-Pad1)")
  (net 31 "Net-(RN4-Pad1)")
  (net 32 "Net-(RN4-Pad2)")
  (net 33 "Net-(RN4-Pad3)")
  (net 34 "Net-(RN4-Pad4)")
  (net 35 "Net-(RN4-Pad5)")
  (net 36 "Net-(RN4-Pad6)")
  (net 37 "Net-(RN4-Pad7)")
  (net 38 "Net-(RN4-Pad8)")
  (net 39 "Net-(RN5-Pad8)")
  (net 40 "Net-(RN5-Pad7)")
  (net 41 "Net-(RN5-Pad6)")
  (net 42 "Net-(RN5-Pad5)")
  (net 43 "Net-(RN5-Pad4)")
  (net 44 "Net-(RN5-Pad3)")
  (net 45 "Net-(RN5-Pad2)")
  (net 46 "Net-(RN5-Pad1)")
  (net 47 "Net-(RN6-Pad1)")
  (net 48 "Net-(RN6-Pad2)")
  (net 49 "Net-(RN6-Pad3)")
  (net 50 "Net-(RN6-Pad4)")
  (net 51 "Net-(RN6-Pad5)")
  (net 52 "Net-(RN6-Pad6)")
  (net 53 "Net-(RN6-Pad7)")
  (net 54 "Net-(RN6-Pad8)")
  (net 55 "Net-(RN7-Pad8)")
  (net 56 "Net-(RN7-Pad7)")
  (net 57 "Net-(RN7-Pad6)")
  (net 58 "Net-(RN7-Pad5)")
  (net 59 "Net-(RN7-Pad4)")
  (net 60 "Net-(RN7-Pad3)")
  (net 61 "Net-(RN7-Pad2)")
  (net 62 "Net-(RN7-Pad1)")
  (net 63 "Net-(RN8-Pad1)")
  (net 64 "Net-(RN8-Pad2)")
  (net 65 "Net-(RN8-Pad3)")
  (net 66 "Net-(RN8-Pad4)")
  (net 67 "Net-(RN8-Pad5)")
  (net 68 "Net-(RN8-Pad6)")
  (net 69 "Net-(RN8-Pad7)")
  (net 70 "Net-(RN8-Pad8)")
  (net 71 +5V)
  (net 72 "Net-(J2-Pad2)")
  (net 73 "Net-(J2-Pad3)")
  (net 74 "Net-(J1-Pad4)")
  (net 75 "Net-(J1-Pad2)")
  (net 76 "Net-(J1-Pad5)")
  (net 77 "Net-(J1-Pad3)")
  (net 78 "Net-(J1-Pad1)")
  (net 79 "Net-(J2-Pad1)")
  (net 80 "Net-(DS1-Pad1)")
  (net 81 "Net-(DS1-Pad2)")
  (net 82 "Net-(DS1-Pad4)")
  (net 83 "Net-(DS1-Pad10)")
  (net 84 "Net-(DS1-Pad6)")
  (net 85 "Net-(DS1-Pad9)")
  (net 86 "Net-(DS1-Pad7)")
  (net 87 "Net-(DS10-Pad3)")
  (net 88 "Net-(DS10-Pad1)")
  (net 89 "Net-(DS10-Pad2)")
  (net 90 "Net-(DS10-Pad4)")
  (net 91 "Net-(DS10-Pad5)")
  (net 92 "Net-(DS10-Pad10)")
  (net 93 "Net-(DS10-Pad6)")
  (net 94 "Net-(DS10-Pad9)")
  (net 95 "Net-(DS10-Pad7)")
  (net 96 "Net-(DS11-Pad1)")
  (net 97 "Net-(DS11-Pad2)")
  (net 98 "Net-(DS1-Pad3)")
  (net 99 "Net-(DS11-Pad4)")
  (net 100 "Net-(DS11-Pad5)")
  (net 101 "Net-(DS11-Pad10)")
  (net 102 "Net-(DS11-Pad6)")
  (net 103 "Net-(DS11-Pad9)")
  (net 104 "Net-(DS11-Pad7)")
  (net 105 "Net-(DS16-Pad1)")
  (net 106 "Net-(DS16-Pad2)")
  (net 107 "Net-(DS16-Pad4)")
  (net 108 "Net-(DS16-Pad5)")
  (net 109 "Net-(DS16-Pad10)")
  (net 110 "Net-(DS16-Pad6)")
  (net 111 "Net-(DS16-Pad9)")
  (net 112 "Net-(DS16-Pad7)")
  (net 113 "Net-(U1-Pad9)")
  (net 114 "Net-(U2-Pad9)")
  (net 115 "Net-(U3-Pad9)")
  (net 116 "Net-(U4-Pad9)")
  (net 117 "Net-(U5-Pad9)")
  (net 118 "Net-(U6-Pad9)")
  (net 119 "Net-(U7-Pad9)")
  (net 120 "Net-(DS12-Pad1)")
  (net 121 "Net-(DS12-Pad2)")
  (net 122 "Net-(DS12-Pad4)")
  (net 123 "Net-(DS12-Pad5)")
  (net 124 "Net-(DS12-Pad10)")
  (net 125 "Net-(DS12-Pad6)")
  (net 126 "Net-(DS12-Pad9)")
  (net 127 "Net-(DS12-Pad7)")
  (net 128 "Net-(DS13-Pad1)")
  (net 129 "Net-(DS13-Pad2)")
  (net 130 "Net-(DS13-Pad4)")
  (net 131 "Net-(DS13-Pad5)")
  (net 132 "Net-(DS13-Pad10)")
  (net 133 "Net-(DS13-Pad6)")
  (net 134 "Net-(DS13-Pad9)")
  (net 135 "Net-(DS13-Pad7)")
  (net 136 "Net-(DS14-Pad1)")
  (net 137 "Net-(DS14-Pad2)")
  (net 138 "Net-(DS14-Pad4)")
  (net 139 "Net-(DS14-Pad5)")
  (net 140 "Net-(DS14-Pad10)")
  (net 141 "Net-(DS14-Pad6)")
  (net 142 "Net-(DS14-Pad9)")
  (net 143 "Net-(DS14-Pad7)")
  (net 144 "Net-(DS15-Pad1)")
  (net 145 "Net-(DS15-Pad2)")
  (net 146 "Net-(DS15-Pad4)")
  (net 147 "Net-(DS15-Pad5)")
  (net 148 "Net-(DS15-Pad10)")
  (net 149 "Net-(DS15-Pad6)")
  (net 150 "Net-(DS15-Pad9)")
  (net 151 "Net-(DS15-Pad7)")
  (net 152 "Net-(DS17-Pad3)")
  (net 153 "Net-(DS25-Pad3)")
  (net 154 "Net-(DS33-Pad3)")
  (net 155 "Net-(DS1-Pad5)")

  (net_class Default "This is the default net class."
    (clearance 0.2)
    (trace_width 0.25)
    (via_dia 0.8)
    (via_drill 0.4)
    (uvia_dia 0.3)
    (uvia_drill 0.1)
    (add_net +5V)
    (add_net GND)
    (add_net "Net-(DS1-Pad1)")
    (add_net "Net-(DS1-Pad10)")
    (add_net "Net-(DS1-Pad2)")
    (add_net "Net-(DS1-Pad3)")
    (add_net "Net-(DS1-Pad4)")
    (add_net "Net-(DS1-Pad5)")
    (add_net "Net-(DS1-Pad6)")
    (add_net "Net-(DS1-Pad7)")
    (add_net "Net-(DS1-Pad9)")
    (add_net "Net-(DS10-Pad1)")
    (add_net "Net-(DS10-Pad10)")
    (add_net "Net-(DS10-Pad2)")
    (add_net "Net-(DS10-Pad3)")
    (add_net "Net-(DS10-Pad4)")
    (add_net "Net-(DS10-Pad5)")
    (add_net "Net-(DS10-Pad6)")
    (add_net "Net-(DS10-Pad7)")
    (add_net "Net-(DS10-Pad9)")
    (add_net "Net-(DS11-Pad1)")
    (add_net "Net-(DS11-Pad10)")
    (add_net "Net-(DS11-Pad2)")
    (add_net "Net-(DS11-Pad4)")
    (add_net "Net-(DS11-Pad5)")
    (add_net "Net-(DS11-Pad6)")
    (add_net "Net-(DS11-Pad7)")
    (add_net "Net-(DS11-Pad9)")
    (add_net "Net-(DS12-Pad1)")
    (add_net "Net-(DS12-Pad10)")
    (add_net "Net-(DS12-Pad2)")
    (add_net "Net-(DS12-Pad4)")
    (add_net "Net-(DS12-Pad5)")
    (add_net "Net-(DS12-Pad6)")
    (add_net "Net-(DS12-Pad7)")
    (add_net "Net-(DS12-Pad9)")
    (add_net "Net-(DS13-Pad1)")
    (add_net "Net-(DS13-Pad10)")
    (add_net "Net-(DS13-Pad2)")
    (add_net "Net-(DS13-Pad4)")
    (add_net "Net-(DS13-Pad5)")
    (add_net "Net-(DS13-Pad6)")
    (add_net "Net-(DS13-Pad7)")
    (add_net "Net-(DS13-Pad9)")
    (add_net "Net-(DS14-Pad1)")
    (add_net "Net-(DS14-Pad10)")
    (add_net "Net-(DS14-Pad2)")
    (add_net "Net-(DS14-Pad4)")
    (add_net "Net-(DS14-Pad5)")
    (add_net "Net-(DS14-Pad6)")
    (add_net "Net-(DS14-Pad7)")
    (add_net "Net-(DS14-Pad9)")
    (add_net "Net-(DS15-Pad1)")
    (add_net "Net-(DS15-Pad10)")
    (add_net "Net-(DS15-Pad2)")
    (add_net "Net-(DS15-Pad4)")
    (add_net "Net-(DS15-Pad5)")
    (add_net "Net-(DS15-Pad6)")
    (add_net "Net-(DS15-Pad7)")
    (add_net "Net-(DS15-Pad9)")
    (add_net "Net-(DS16-Pad1)")
    (add_net "Net-(DS16-Pad10)")
    (add_net "Net-(DS16-Pad2)")
    (add_net "Net-(DS16-Pad4)")
    (add_net "Net-(DS16-Pad5)")
    (add_net "Net-(DS16-Pad6)")
    (add_net "Net-(DS16-Pad7)")
    (add_net "Net-(DS16-Pad9)")
    (add_net "Net-(DS17-Pad3)")
    (add_net "Net-(DS25-Pad3)")
    (add_net "Net-(DS33-Pad3)")
    (add_net "Net-(J1-Pad1)")
    (add_net "Net-(J1-Pad2)")
    (add_net "Net-(J1-Pad3)")
    (add_net "Net-(J1-Pad4)")
    (add_net "Net-(J1-Pad5)")
    (add_net "Net-(J2-Pad1)")
    (add_net "Net-(J2-Pad2)")
    (add_net "Net-(J2-Pad3)")
    (add_net "Net-(Q1-Pad1)")
    (add_net "Net-(Q2-Pad1)")
    (add_net "Net-(Q3-Pad1)")
    (add_net "Net-(Q4-Pad1)")
    (add_net "Net-(Q5-Pad1)")
    (add_net "Net-(RN1-Pad1)")
    (add_net "Net-(RN1-Pad2)")
    (add_net "Net-(RN1-Pad3)")
    (add_net "Net-(RN1-Pad4)")
    (add_net "Net-(RN1-Pad5)")
    (add_net "Net-(RN1-Pad6)")
    (add_net "Net-(RN1-Pad7)")
    (add_net "Net-(RN1-Pad8)")
    (add_net "Net-(RN2-Pad1)")
    (add_net "Net-(RN2-Pad2)")
    (add_net "Net-(RN2-Pad3)")
    (add_net "Net-(RN2-Pad4)")
    (add_net "Net-(RN2-Pad5)")
    (add_net "Net-(RN2-Pad6)")
    (add_net "Net-(RN2-Pad7)")
    (add_net "Net-(RN2-Pad8)")
    (add_net "Net-(RN3-Pad1)")
    (add_net "Net-(RN3-Pad2)")
    (add_net "Net-(RN3-Pad3)")
    (add_net "Net-(RN3-Pad4)")
    (add_net "Net-(RN3-Pad5)")
    (add_net "Net-(RN3-Pad6)")
    (add_net "Net-(RN3-Pad7)")
    (add_net "Net-(RN3-Pad8)")
    (add_net "Net-(RN4-Pad1)")
    (add_net "Net-(RN4-Pad2)")
    (add_net "Net-(RN4-Pad3)")
    (add_net "Net-(RN4-Pad4)")
    (add_net "Net-(RN4-Pad5)")
    (add_net "Net-(RN4-Pad6)")
    (add_net "Net-(RN4-Pad7)")
    (add_net "Net-(RN4-Pad8)")
    (add_net "Net-(RN5-Pad1)")
    (add_net "Net-(RN5-Pad2)")
    (add_net "Net-(RN5-Pad3)")
    (add_net "Net-(RN5-Pad4)")
    (add_net "Net-(RN5-Pad5)")
    (add_net "Net-(RN5-Pad6)")
    (add_net "Net-(RN5-Pad7)")
    (add_net "Net-(RN5-Pad8)")
    (add_net "Net-(RN6-Pad1)")
    (add_net "Net-(RN6-Pad2)")
    (add_net "Net-(RN6-Pad3)")
    (add_net "Net-(RN6-Pad4)")
    (add_net "Net-(RN6-Pad5)")
    (add_net "Net-(RN6-Pad6)")
    (add_net "Net-(RN6-Pad7)")
    (add_net "Net-(RN6-Pad8)")
    (add_net "Net-(RN7-Pad1)")
    (add_net "Net-(RN7-Pad2)")
    (add_net "Net-(RN7-Pad3)")
    (add_net "Net-(RN7-Pad4)")
    (add_net "Net-(RN7-Pad5)")
    (add_net "Net-(RN7-Pad6)")
    (add_net "Net-(RN7-Pad7)")
    (add_net "Net-(RN7-Pad8)")
    (add_net "Net-(RN8-Pad1)")
    (add_net "Net-(RN8-Pad2)")
    (add_net "Net-(RN8-Pad3)")
    (add_net "Net-(RN8-Pad4)")
    (add_net "Net-(RN8-Pad5)")
    (add_net "Net-(RN8-Pad6)")
    (add_net "Net-(RN8-Pad7)")
    (add_net "Net-(RN8-Pad8)")
    (add_net "Net-(U1-Pad9)")
    (add_net "Net-(U2-Pad9)")
    (add_net "Net-(U3-Pad9)")
    (add_net "Net-(U4-Pad9)")
    (add_net "Net-(U5-Pad9)")
    (add_net "Net-(U6-Pad9)")
    (add_net "Net-(U7-Pad9)")
  )

  (module HariLib:5161AS (layer F.Cu) (tedit 5D67BB81) (tstamp 5D6D40AC)
    (at 152.4 50.8)
    (path /5D51756E)
    (fp_text reference DS3 (at 6.5 0.5 180) (layer F.SilkS)
      (effects (font (size 1 1) (thickness 0.15)))
    )
    (fp_text value 5161AS (at 6.5 18.5 180) (layer F.Fab)
      (effects (font (size 1 1) (thickness 0.15)))
    )
    (fp_circle (center 11.043413 15.925) (end 11.718413 15.925) (layer F.SilkS) (width 0.2))
    (fp_line (start 2.866338 15.25) (end 8.117441 15.25) (layer F.SilkS) (width 0.2))
    (fp_line (start 2.676608 16.6) (end 2.866338 15.25) (layer F.SilkS) (width 0.2))
    (fp_line (start 7.927711 16.6) (end 2.676608 16.6) (layer F.SilkS) (width 0.2))
    (fp_line (start 8.117441 15.25) (end 7.927711 16.6) (layer F.SilkS) (width 0.2))
    (fp_line (start 8.028694 16.6) (end 8.522674 16.6) (layer F.SilkS) (width 0.2))
    (fp_line (start 9.010885 9.611348) (end 8.028694 16.6) (layer F.SilkS) (width 0.2))
    (fp_line (start 9.833218 9.036348) (end 9.010885 9.611348) (layer F.SilkS) (width 0.2))
    (fp_line (start 10.454963 9.036348) (end 9.833218 9.036348) (layer F.SilkS) (width 0.2))
    (fp_line (start 9.512942 15.739173) (end 10.454963 9.036348) (layer F.SilkS) (width 0.2))
    (fp_arc (start 8.522674 15.6) (end 9.512942 15.739173) (angle 82) (layer F.SilkS) (width 0.2))
    (fp_line (start 2.27536 9.036348) (end 1.372458 15.460826) (layer F.SilkS) (width 0.2))
    (fp_line (start 2.897104 9.036348) (end 2.27536 9.036348) (layer F.SilkS) (width 0.2))
    (fp_line (start 3.557816 9.611348) (end 2.897104 9.036348) (layer F.SilkS) (width 0.2))
    (fp_line (start 2.575625 16.6) (end 3.557816 9.611348) (layer F.SilkS) (width 0.2))
    (fp_line (start 2.362726 16.6) (end 2.575625 16.6) (layer F.SilkS) (width 0.2))
    (fp_arc (start 2.362726 15.6) (end 2.362726 16.6) (angle 98) (layer F.SilkS) (width 0.2))
    (fp_line (start 2.944407 8.944949) (end 3.922054 8.261348) (layer F.SilkS) (width 0.2))
    (fp_line (start 3.710143 9.611348) (end 2.944407 8.944949) (layer F.SilkS) (width 0.2))
    (fp_line (start 8.836376 9.611348) (end 3.710143 9.611348) (layer F.SilkS) (width 0.2))
    (fp_line (start 9.814024 8.927748) (end 8.836376 9.611348) (layer F.SilkS) (width 0.2))
    (fp_line (start 9.048288 8.261348) (end 9.814024 8.927748) (layer F.SilkS) (width 0.2))
    (fp_line (start 3.922054 8.261348) (end 9.048288 8.261348) (layer F.SilkS) (width 0.2))
    (fp_line (start 10.469017 8.936348) (end 11.227541 3.539173) (layer F.SilkS) (width 0.2))
    (fp_line (start 9.976233 8.936348) (end 10.469017 8.936348) (layer F.SilkS) (width 0.2))
    (fp_line (start 9.200615 8.261348) (end 9.976233 8.936348) (layer F.SilkS) (width 0.2))
    (fp_line (start 10.024374 2.4) (end 9.200615 8.261348) (layer F.SilkS) (width 0.2))
    (fp_line (start 10.237273 2.4) (end 10.024374 2.4) (layer F.SilkS) (width 0.2))
    (fp_arc (start 10.237273 3.4) (end 10.237273 2.4) (angle 98) (layer F.SilkS) (width 0.2))
    (fp_line (start 4.672288 2.4) (end 9.923391 2.4) (layer F.SilkS) (width 0.2))
    (fp_line (start 4.482558 3.75) (end 4.672288 2.4) (layer F.SilkS) (width 0.2))
    (fp_line (start 9.733661 3.75) (end 4.482558 3.75) (layer F.SilkS) (width 0.2))
    (fp_line (start 9.923391 2.4) (end 9.733661 3.75) (layer F.SilkS) (width 0.2))
    (fp_line (start 4.571305 2.4) (end 4.077324 2.399999) (layer F.SilkS) (width 0.2))
    (fp_line (start 3.747546 8.261348) (end 4.571305 2.4) (layer F.SilkS) (width 0.2))
    (fp_line (start 2.782198 8.936348) (end 3.747546 8.261348) (layer F.SilkS) (width 0.2))
    (fp_line (start 2.289414 8.936348) (end 2.782198 8.936348) (layer F.SilkS) (width 0.2))
    (fp_line (start 3.087056 3.260826) (end 2.289414 8.936348) (layer F.SilkS) (width 0.2))
    (fp_arc (start 4.077324 3.4) (end 3.087056 3.260826) (angle 82) (layer F.SilkS) (width 0.2))
    (fp_line (start 12.6 19) (end 0 19) (layer F.SilkS) (width 0.2))
    (fp_line (start 12.6 0) (end 12.6 19) (layer F.SilkS) (width 0.2))
    (fp_line (start 0 0) (end 12.6 0) (layer F.SilkS) (width 0.2))
    (fp_line (start 0 19) (end 0 0) (layer F.SilkS) (width 0.2))
    (fp_line (start 0 0) (end 12.6 0) (layer F.SilkS) (width 0.15))
    (fp_line (start 12.6 19) (end 0 19) (layer F.SilkS) (width 0.15))
    (fp_line (start 0 19) (end 0 0) (layer F.SilkS) (width 0.15))
    (fp_line (start 12.6 19) (end 12.6 0) (layer F.SilkS) (width 0.15))
    (pad 1 thru_hole circle (at 1.22 17.12) (size 1.524 1.524) (drill 0.762) (layers *.Cu *.Mask)
      (net 96 "Net-(DS11-Pad1)"))
    (pad 2 thru_hole circle (at 3.76 17.12) (size 1.524 1.524) (drill 0.762) (layers *.Cu *.Mask)
      (net 97 "Net-(DS11-Pad2)"))
    (pad 3 thru_hole circle (at 6.3 17.17) (size 1.524 1.524) (drill 0.762) (layers *.Cu *.Mask)
      (net 98 "Net-(DS1-Pad3)"))
    (pad 4 thru_hole circle (at 8.84 17.17) (size 1.524 1.524) (drill 0.762) (layers *.Cu *.Mask)
      (net 99 "Net-(DS11-Pad4)"))
    (pad 5 thru_hole circle (at 11.38 17.17) (size 1.524 1.524) (drill 0.762) (layers *.Cu *.Mask)
      (net 100 "Net-(DS11-Pad5)"))
    (pad 10 thru_hole circle (at 1.22 1.88) (size 1.524 1.524) (drill 0.762) (layers *.Cu *.Mask)
      (net 101 "Net-(DS11-Pad10)"))
    (pad 6 thru_hole circle (at 11.38 1.88) (size 1.524 1.524) (drill 0.762) (layers *.Cu *.Mask)
      (net 102 "Net-(DS11-Pad6)"))
    (pad 9 thru_hole circle (at 3.76 1.88) (size 1.524 1.524) (drill 0.762) (layers *.Cu *.Mask)
      (net 103 "Net-(DS11-Pad9)"))
    (pad 7 thru_hole circle (at 8.84 1.88) (size 1.524 1.524) (drill 0.762) (layers *.Cu *.Mask)
      (net 104 "Net-(DS11-Pad7)"))
    (pad 8 thru_hole circle (at 6.3 1.88) (size 1.524 1.524) (drill 0.762) (layers *.Cu *.Mask)
      (net 98 "Net-(DS1-Pad3)"))
  )

  (module HariLib:5161AS (layer F.Cu) (tedit 5D67BB81) (tstamp 5D6D40E9)
    (at 165.1 50.8)
    (path /5D517502)
    (fp_text reference DS4 (at 6.5 0.5 180) (layer F.SilkS)
      (effects (font (size 1 1) (thickness 0.15)))
    )
    (fp_text value 5161AS (at 6.5 18.5 180) (layer F.Fab)
      (effects (font (size 1 1) (thickness 0.15)))
    )
    (fp_line (start 12.6 19) (end 12.6 0) (layer F.SilkS) (width 0.15))
    (fp_line (start 0 19) (end 0 0) (layer F.SilkS) (width 0.15))
    (fp_line (start 12.6 19) (end 0 19) (layer F.SilkS) (width 0.15))
    (fp_line (start 0 0) (end 12.6 0) (layer F.SilkS) (width 0.15))
    (fp_line (start 0 19) (end 0 0) (layer F.SilkS) (width 0.2))
    (fp_line (start 0 0) (end 12.6 0) (layer F.SilkS) (width 0.2))
    (fp_line (start 12.6 0) (end 12.6 19) (layer F.SilkS) (width 0.2))
    (fp_line (start 12.6 19) (end 0 19) (layer F.SilkS) (width 0.2))
    (fp_arc (start 4.077324 3.4) (end 3.087056 3.260826) (angle 82) (layer F.SilkS) (width 0.2))
    (fp_line (start 3.087056 3.260826) (end 2.289414 8.936348) (layer F.SilkS) (width 0.2))
    (fp_line (start 2.289414 8.936348) (end 2.782198 8.936348) (layer F.SilkS) (width 0.2))
    (fp_line (start 2.782198 8.936348) (end 3.747546 8.261348) (layer F.SilkS) (width 0.2))
    (fp_line (start 3.747546 8.261348) (end 4.571305 2.4) (layer F.SilkS) (width 0.2))
    (fp_line (start 4.571305 2.4) (end 4.077324 2.399999) (layer F.SilkS) (width 0.2))
    (fp_line (start 9.923391 2.4) (end 9.733661 3.75) (layer F.SilkS) (width 0.2))
    (fp_line (start 9.733661 3.75) (end 4.482558 3.75) (layer F.SilkS) (width 0.2))
    (fp_line (start 4.482558 3.75) (end 4.672288 2.4) (layer F.SilkS) (width 0.2))
    (fp_line (start 4.672288 2.4) (end 9.923391 2.4) (layer F.SilkS) (width 0.2))
    (fp_arc (start 10.237273 3.4) (end 10.237273 2.4) (angle 98) (layer F.SilkS) (width 0.2))
    (fp_line (start 10.237273 2.4) (end 10.024374 2.4) (layer F.SilkS) (width 0.2))
    (fp_line (start 10.024374 2.4) (end 9.200615 8.261348) (layer F.SilkS) (width 0.2))
    (fp_line (start 9.200615 8.261348) (end 9.976233 8.936348) (layer F.SilkS) (width 0.2))
    (fp_line (start 9.976233 8.936348) (end 10.469017 8.936348) (layer F.SilkS) (width 0.2))
    (fp_line (start 10.469017 8.936348) (end 11.227541 3.539173) (layer F.SilkS) (width 0.2))
    (fp_line (start 3.922054 8.261348) (end 9.048288 8.261348) (layer F.SilkS) (width 0.2))
    (fp_line (start 9.048288 8.261348) (end 9.814024 8.927748) (layer F.SilkS) (width 0.2))
    (fp_line (start 9.814024 8.927748) (end 8.836376 9.611348) (layer F.SilkS) (width 0.2))
    (fp_line (start 8.836376 9.611348) (end 3.710143 9.611348) (layer F.SilkS) (width 0.2))
    (fp_line (start 3.710143 9.611348) (end 2.944407 8.944949) (layer F.SilkS) (width 0.2))
    (fp_line (start 2.944407 8.944949) (end 3.922054 8.261348) (layer F.SilkS) (width 0.2))
    (fp_arc (start 2.362726 15.6) (end 2.362726 16.6) (angle 98) (layer F.SilkS) (width 0.2))
    (fp_line (start 2.362726 16.6) (end 2.575625 16.6) (layer F.SilkS) (width 0.2))
    (fp_line (start 2.575625 16.6) (end 3.557816 9.611348) (layer F.SilkS) (width 0.2))
    (fp_line (start 3.557816 9.611348) (end 2.897104 9.036348) (layer F.SilkS) (width 0.2))
    (fp_line (start 2.897104 9.036348) (end 2.27536 9.036348) (layer F.SilkS) (width 0.2))
    (fp_line (start 2.27536 9.036348) (end 1.372458 15.460826) (layer F.SilkS) (width 0.2))
    (fp_arc (start 8.522674 15.6) (end 9.512942 15.739173) (angle 82) (layer F.SilkS) (width 0.2))
    (fp_line (start 9.512942 15.739173) (end 10.454963 9.036348) (layer F.SilkS) (width 0.2))
    (fp_line (start 10.454963 9.036348) (end 9.833218 9.036348) (layer F.SilkS) (width 0.2))
    (fp_line (start 9.833218 9.036348) (end 9.010885 9.611348) (layer F.SilkS) (width 0.2))
    (fp_line (start 9.010885 9.611348) (end 8.028694 16.6) (layer F.SilkS) (width 0.2))
    (fp_line (start 8.028694 16.6) (end 8.522674 16.6) (layer F.SilkS) (width 0.2))
    (fp_line (start 8.117441 15.25) (end 7.927711 16.6) (layer F.SilkS) (width 0.2))
    (fp_line (start 7.927711 16.6) (end 2.676608 16.6) (layer F.SilkS) (width 0.2))
    (fp_line (start 2.676608 16.6) (end 2.866338 15.25) (layer F.SilkS) (width 0.2))
    (fp_line (start 2.866338 15.25) (end 8.117441 15.25) (layer F.SilkS) (width 0.2))
    (fp_circle (center 11.043413 15.925) (end 11.718413 15.925) (layer F.SilkS) (width 0.2))
    (pad 8 thru_hole circle (at 6.3 1.88) (size 1.524 1.524) (drill 0.762) (layers *.Cu *.Mask)
      (net 98 "Net-(DS1-Pad3)"))
    (pad 7 thru_hole circle (at 8.84 1.88) (size 1.524 1.524) (drill 0.762) (layers *.Cu *.Mask)
      (net 127 "Net-(DS12-Pad7)"))
    (pad 9 thru_hole circle (at 3.76 1.88) (size 1.524 1.524) (drill 0.762) (layers *.Cu *.Mask)
      (net 126 "Net-(DS12-Pad9)"))
    (pad 6 thru_hole circle (at 11.38 1.88) (size 1.524 1.524) (drill 0.762) (layers *.Cu *.Mask)
      (net 125 "Net-(DS12-Pad6)"))
    (pad 10 thru_hole circle (at 1.22 1.88) (size 1.524 1.524) (drill 0.762) (layers *.Cu *.Mask)
      (net 124 "Net-(DS12-Pad10)"))
    (pad 5 thru_hole circle (at 11.38 17.17) (size 1.524 1.524) (drill 0.762) (layers *.Cu *.Mask)
      (net 123 "Net-(DS12-Pad5)"))
    (pad 4 thru_hole circle (at 8.84 17.17) (size 1.524 1.524) (drill 0.762) (layers *.Cu *.Mask)
      (net 122 "Net-(DS12-Pad4)"))
    (pad 3 thru_hole circle (at 6.3 17.17) (size 1.524 1.524) (drill 0.762) (layers *.Cu *.Mask)
      (net 98 "Net-(DS1-Pad3)"))
    (pad 2 thru_hole circle (at 3.76 17.12) (size 1.524 1.524) (drill 0.762) (layers *.Cu *.Mask)
      (net 121 "Net-(DS12-Pad2)"))
    (pad 1 thru_hole circle (at 1.22 17.12) (size 1.524 1.524) (drill 0.762) (layers *.Cu *.Mask)
      (net 120 "Net-(DS12-Pad1)"))
  )

  (module HariLib:5161AS (layer F.Cu) (tedit 5D67BB81) (tstamp 5D6D4126)
    (at 177.8 50.8)
    (path /5D5069C6)
    (fp_text reference DS5 (at 6.5 0.5 180) (layer F.SilkS)
      (effects (font (size 1 1) (thickness 0.15)))
    )
    (fp_text value 5161AS (at 6.5 18.5 180) (layer F.Fab)
      (effects (font (size 1 1) (thickness 0.15)))
    )
    (fp_circle (center 11.043413 15.925) (end 11.718413 15.925) (layer F.SilkS) (width 0.2))
    (fp_line (start 2.866338 15.25) (end 8.117441 15.25) (layer F.SilkS) (width 0.2))
    (fp_line (start 2.676608 16.6) (end 2.866338 15.25) (layer F.SilkS) (width 0.2))
    (fp_line (start 7.927711 16.6) (end 2.676608 16.6) (layer F.SilkS) (width 0.2))
    (fp_line (start 8.117441 15.25) (end 7.927711 16.6) (layer F.SilkS) (width 0.2))
    (fp_line (start 8.028694 16.6) (end 8.522674 16.6) (layer F.SilkS) (width 0.2))
    (fp_line (start 9.010885 9.611348) (end 8.028694 16.6) (layer F.SilkS) (width 0.2))
    (fp_line (start 9.833218 9.036348) (end 9.010885 9.611348) (layer F.SilkS) (width 0.2))
    (fp_line (start 10.454963 9.036348) (end 9.833218 9.036348) (layer F.SilkS) (width 0.2))
    (fp_line (start 9.512942 15.739173) (end 10.454963 9.036348) (layer F.SilkS) (width 0.2))
    (fp_arc (start 8.522674 15.6) (end 9.512942 15.739173) (angle 82) (layer F.SilkS) (width 0.2))
    (fp_line (start 2.27536 9.036348) (end 1.372458 15.460826) (layer F.SilkS) (width 0.2))
    (fp_line (start 2.897104 9.036348) (end 2.27536 9.036348) (layer F.SilkS) (width 0.2))
    (fp_line (start 3.557816 9.611348) (end 2.897104 9.036348) (layer F.SilkS) (width 0.2))
    (fp_line (start 2.575625 16.6) (end 3.557816 9.611348) (layer F.SilkS) (width 0.2))
    (fp_line (start 2.362726 16.6) (end 2.575625 16.6) (layer F.SilkS) (width 0.2))
    (fp_arc (start 2.362726 15.6) (end 2.362726 16.6) (angle 98) (layer F.SilkS) (width 0.2))
    (fp_line (start 2.944407 8.944949) (end 3.922054 8.261348) (layer F.SilkS) (width 0.2))
    (fp_line (start 3.710143 9.611348) (end 2.944407 8.944949) (layer F.SilkS) (width 0.2))
    (fp_line (start 8.836376 9.611348) (end 3.710143 9.611348) (layer F.SilkS) (width 0.2))
    (fp_line (start 9.814024 8.927748) (end 8.836376 9.611348) (layer F.SilkS) (width 0.2))
    (fp_line (start 9.048288 8.261348) (end 9.814024 8.927748) (layer F.SilkS) (width 0.2))
    (fp_line (start 3.922054 8.261348) (end 9.048288 8.261348) (layer F.SilkS) (width 0.2))
    (fp_line (start 10.469017 8.936348) (end 11.227541 3.539173) (layer F.SilkS) (width 0.2))
    (fp_line (start 9.976233 8.936348) (end 10.469017 8.936348) (layer F.SilkS) (width 0.2))
    (fp_line (start 9.200615 8.261348) (end 9.976233 8.936348) (layer F.SilkS) (width 0.2))
    (fp_line (start 10.024374 2.4) (end 9.200615 8.261348) (layer F.SilkS) (width 0.2))
    (fp_line (start 10.237273 2.4) (end 10.024374 2.4) (layer F.SilkS) (width 0.2))
    (fp_arc (start 10.237273 3.4) (end 10.237273 2.4) (angle 98) (layer F.SilkS) (width 0.2))
    (fp_line (start 4.672288 2.4) (end 9.923391 2.4) (layer F.SilkS) (width 0.2))
    (fp_line (start 4.482558 3.75) (end 4.672288 2.4) (layer F.SilkS) (width 0.2))
    (fp_line (start 9.733661 3.75) (end 4.482558 3.75) (layer F.SilkS) (width 0.2))
    (fp_line (start 9.923391 2.4) (end 9.733661 3.75) (layer F.SilkS) (width 0.2))
    (fp_line (start 4.571305 2.4) (end 4.077324 2.399999) (layer F.SilkS) (width 0.2))
    (fp_line (start 3.747546 8.261348) (end 4.571305 2.4) (layer F.SilkS) (width 0.2))
    (fp_line (start 2.782198 8.936348) (end 3.747546 8.261348) (layer F.SilkS) (width 0.2))
    (fp_line (start 2.289414 8.936348) (end 2.782198 8.936348) (layer F.SilkS) (width 0.2))
    (fp_line (start 3.087056 3.260826) (end 2.289414 8.936348) (layer F.SilkS) (width 0.2))
    (fp_arc (start 4.077324 3.4) (end 3.087056 3.260826) (angle 82) (layer F.SilkS) (width 0.2))
    (fp_line (start 12.6 19) (end 0 19) (layer F.SilkS) (width 0.2))
    (fp_line (start 12.6 0) (end 12.6 19) (layer F.SilkS) (width 0.2))
    (fp_line (start 0 0) (end 12.6 0) (layer F.SilkS) (width 0.2))
    (fp_line (start 0 19) (end 0 0) (layer F.SilkS) (width 0.2))
    (fp_line (start 0 0) (end 12.6 0) (layer F.SilkS) (width 0.15))
    (fp_line (start 12.6 19) (end 0 19) (layer F.SilkS) (width 0.15))
    (fp_line (start 0 19) (end 0 0) (layer F.SilkS) (width 0.15))
    (fp_line (start 12.6 19) (end 12.6 0) (layer F.SilkS) (width 0.15))
    (pad 1 thru_hole circle (at 1.22 17.12) (size 1.524 1.524) (drill 0.762) (layers *.Cu *.Mask)
      (net 128 "Net-(DS13-Pad1)"))
    (pad 2 thru_hole circle (at 3.76 17.12) (size 1.524 1.524) (drill 0.762) (layers *.Cu *.Mask)
      (net 129 "Net-(DS13-Pad2)"))
    (pad 3 thru_hole circle (at 6.3 17.17) (size 1.524 1.524) (drill 0.762) (layers *.Cu *.Mask)
      (net 98 "Net-(DS1-Pad3)"))
    (pad 4 thru_hole circle (at 8.84 17.17) (size 1.524 1.524) (drill 0.762) (layers *.Cu *.Mask)
      (net 130 "Net-(DS13-Pad4)"))
    (pad 5 thru_hole circle (at 11.38 17.17) (size 1.524 1.524) (drill 0.762) (layers *.Cu *.Mask)
      (net 131 "Net-(DS13-Pad5)"))
    (pad 10 thru_hole circle (at 1.22 1.88) (size 1.524 1.524) (drill 0.762) (layers *.Cu *.Mask)
      (net 132 "Net-(DS13-Pad10)"))
    (pad 6 thru_hole circle (at 11.38 1.88) (size 1.524 1.524) (drill 0.762) (layers *.Cu *.Mask)
      (net 133 "Net-(DS13-Pad6)"))
    (pad 9 thru_hole circle (at 3.76 1.88) (size 1.524 1.524) (drill 0.762) (layers *.Cu *.Mask)
      (net 134 "Net-(DS13-Pad9)"))
    (pad 7 thru_hole circle (at 8.84 1.88) (size 1.524 1.524) (drill 0.762) (layers *.Cu *.Mask)
      (net 135 "Net-(DS13-Pad7)"))
    (pad 8 thru_hole circle (at 6.3 1.88) (size 1.524 1.524) (drill 0.762) (layers *.Cu *.Mask)
      (net 98 "Net-(DS1-Pad3)"))
  )

  (module HariLib:5161AS (layer F.Cu) (tedit 5D67BB81) (tstamp 5D6D4163)
    (at 190.5 50.8)
    (path /5D50695A)
    (fp_text reference DS6 (at 6.5 0.5 180) (layer F.SilkS)
      (effects (font (size 1 1) (thickness 0.15)))
    )
    (fp_text value 5161AS (at 6.5 18.5 180) (layer F.Fab)
      (effects (font (size 1 1) (thickness 0.15)))
    )
    (fp_line (start 12.6 19) (end 12.6 0) (layer F.SilkS) (width 0.15))
    (fp_line (start 0 19) (end 0 0) (layer F.SilkS) (width 0.15))
    (fp_line (start 12.6 19) (end 0 19) (layer F.SilkS) (width 0.15))
    (fp_line (start 0 0) (end 12.6 0) (layer F.SilkS) (width 0.15))
    (fp_line (start 0 19) (end 0 0) (layer F.SilkS) (width 0.2))
    (fp_line (start 0 0) (end 12.6 0) (layer F.SilkS) (width 0.2))
    (fp_line (start 12.6 0) (end 12.6 19) (layer F.SilkS) (width 0.2))
    (fp_line (start 12.6 19) (end 0 19) (layer F.SilkS) (width 0.2))
    (fp_arc (start 4.077324 3.4) (end 3.087056 3.260826) (angle 82) (layer F.SilkS) (width 0.2))
    (fp_line (start 3.087056 3.260826) (end 2.289414 8.936348) (layer F.SilkS) (width 0.2))
    (fp_line (start 2.289414 8.936348) (end 2.782198 8.936348) (layer F.SilkS) (width 0.2))
    (fp_line (start 2.782198 8.936348) (end 3.747546 8.261348) (layer F.SilkS) (width 0.2))
    (fp_line (start 3.747546 8.261348) (end 4.571305 2.4) (layer F.SilkS) (width 0.2))
    (fp_line (start 4.571305 2.4) (end 4.077324 2.399999) (layer F.SilkS) (width 0.2))
    (fp_line (start 9.923391 2.4) (end 9.733661 3.75) (layer F.SilkS) (width 0.2))
    (fp_line (start 9.733661 3.75) (end 4.482558 3.75) (layer F.SilkS) (width 0.2))
    (fp_line (start 4.482558 3.75) (end 4.672288 2.4) (layer F.SilkS) (width 0.2))
    (fp_line (start 4.672288 2.4) (end 9.923391 2.4) (layer F.SilkS) (width 0.2))
    (fp_arc (start 10.237273 3.4) (end 10.237273 2.4) (angle 98) (layer F.SilkS) (width 0.2))
    (fp_line (start 10.237273 2.4) (end 10.024374 2.4) (layer F.SilkS) (width 0.2))
    (fp_line (start 10.024374 2.4) (end 9.200615 8.261348) (layer F.SilkS) (width 0.2))
    (fp_line (start 9.200615 8.261348) (end 9.976233 8.936348) (layer F.SilkS) (width 0.2))
    (fp_line (start 9.976233 8.936348) (end 10.469017 8.936348) (layer F.SilkS) (width 0.2))
    (fp_line (start 10.469017 8.936348) (end 11.227541 3.539173) (layer F.SilkS) (width 0.2))
    (fp_line (start 3.922054 8.261348) (end 9.048288 8.261348) (layer F.SilkS) (width 0.2))
    (fp_line (start 9.048288 8.261348) (end 9.814024 8.927748) (layer F.SilkS) (width 0.2))
    (fp_line (start 9.814024 8.927748) (end 8.836376 9.611348) (layer F.SilkS) (width 0.2))
    (fp_line (start 8.836376 9.611348) (end 3.710143 9.611348) (layer F.SilkS) (width 0.2))
    (fp_line (start 3.710143 9.611348) (end 2.944407 8.944949) (layer F.SilkS) (width 0.2))
    (fp_line (start 2.944407 8.944949) (end 3.922054 8.261348) (layer F.SilkS) (width 0.2))
    (fp_arc (start 2.362726 15.6) (end 2.362726 16.6) (angle 98) (layer F.SilkS) (width 0.2))
    (fp_line (start 2.362726 16.6) (end 2.575625 16.6) (layer F.SilkS) (width 0.2))
    (fp_line (start 2.575625 16.6) (end 3.557816 9.611348) (layer F.SilkS) (width 0.2))
    (fp_line (start 3.557816 9.611348) (end 2.897104 9.036348) (layer F.SilkS) (width 0.2))
    (fp_line (start 2.897104 9.036348) (end 2.27536 9.036348) (layer F.SilkS) (width 0.2))
    (fp_line (start 2.27536 9.036348) (end 1.372458 15.460826) (layer F.SilkS) (width 0.2))
    (fp_arc (start 8.522674 15.6) (end 9.512942 15.739173) (angle 82) (layer F.SilkS) (width 0.2))
    (fp_line (start 9.512942 15.739173) (end 10.454963 9.036348) (layer F.SilkS) (width 0.2))
    (fp_line (start 10.454963 9.036348) (end 9.833218 9.036348) (layer F.SilkS) (width 0.2))
    (fp_line (start 9.833218 9.036348) (end 9.010885 9.611348) (layer F.SilkS) (width 0.2))
    (fp_line (start 9.010885 9.611348) (end 8.028694 16.6) (layer F.SilkS) (width 0.2))
    (fp_line (start 8.028694 16.6) (end 8.522674 16.6) (layer F.SilkS) (width 0.2))
    (fp_line (start 8.117441 15.25) (end 7.927711 16.6) (layer F.SilkS) (width 0.2))
    (fp_line (start 7.927711 16.6) (end 2.676608 16.6) (layer F.SilkS) (width 0.2))
    (fp_line (start 2.676608 16.6) (end 2.866338 15.25) (layer F.SilkS) (width 0.2))
    (fp_line (start 2.866338 15.25) (end 8.117441 15.25) (layer F.SilkS) (width 0.2))
    (fp_circle (center 11.043413 15.925) (end 11.718413 15.925) (layer F.SilkS) (width 0.2))
    (pad 8 thru_hole circle (at 6.3 1.88) (size 1.524 1.524) (drill 0.762) (layers *.Cu *.Mask)
      (net 98 "Net-(DS1-Pad3)"))
    (pad 7 thru_hole circle (at 8.84 1.88) (size 1.524 1.524) (drill 0.762) (layers *.Cu *.Mask)
      (net 143 "Net-(DS14-Pad7)"))
    (pad 9 thru_hole circle (at 3.76 1.88) (size 1.524 1.524) (drill 0.762) (layers *.Cu *.Mask)
      (net 142 "Net-(DS14-Pad9)"))
    (pad 6 thru_hole circle (at 11.38 1.88) (size 1.524 1.524) (drill 0.762) (layers *.Cu *.Mask)
      (net 141 "Net-(DS14-Pad6)"))
    (pad 10 thru_hole circle (at 1.22 1.88) (size 1.524 1.524) (drill 0.762) (layers *.Cu *.Mask)
      (net 140 "Net-(DS14-Pad10)"))
    (pad 5 thru_hole circle (at 11.38 17.17) (size 1.524 1.524) (drill 0.762) (layers *.Cu *.Mask)
      (net 139 "Net-(DS14-Pad5)"))
    (pad 4 thru_hole circle (at 8.84 17.17) (size 1.524 1.524) (drill 0.762) (layers *.Cu *.Mask)
      (net 138 "Net-(DS14-Pad4)"))
    (pad 3 thru_hole circle (at 6.3 17.17) (size 1.524 1.524) (drill 0.762) (layers *.Cu *.Mask)
      (net 98 "Net-(DS1-Pad3)"))
    (pad 2 thru_hole circle (at 3.76 17.12) (size 1.524 1.524) (drill 0.762) (layers *.Cu *.Mask)
      (net 137 "Net-(DS14-Pad2)"))
    (pad 1 thru_hole circle (at 1.22 17.12) (size 1.524 1.524) (drill 0.762) (layers *.Cu *.Mask)
      (net 136 "Net-(DS14-Pad1)"))
  )

  (module HariLib:5161AS (layer F.Cu) (tedit 5D67BB81) (tstamp 5D6D9B8B)
    (at 203.2 50.8)
    (path /5D4FF568)
    (fp_text reference DS7 (at 6.5 0.5 180) (layer F.SilkS)
      (effects (font (size 1 1) (thickness 0.15)))
    )
    (fp_text value 5161AS (at 6.5 18.5 180) (layer F.Fab)
      (effects (font (size 1 1) (thickness 0.15)))
    )
    (fp_circle (center 11.043413 15.925) (end 11.718413 15.925) (layer F.SilkS) (width 0.2))
    (fp_line (start 2.866338 15.25) (end 8.117441 15.25) (layer F.SilkS) (width 0.2))
    (fp_line (start 2.676608 16.6) (end 2.866338 15.25) (layer F.SilkS) (width 0.2))
    (fp_line (start 7.927711 16.6) (end 2.676608 16.6) (layer F.SilkS) (width 0.2))
    (fp_line (start 8.117441 15.25) (end 7.927711 16.6) (layer F.SilkS) (width 0.2))
    (fp_line (start 8.028694 16.6) (end 8.522674 16.6) (layer F.SilkS) (width 0.2))
    (fp_line (start 9.010885 9.611348) (end 8.028694 16.6) (layer F.SilkS) (width 0.2))
    (fp_line (start 9.833218 9.036348) (end 9.010885 9.611348) (layer F.SilkS) (width 0.2))
    (fp_line (start 10.454963 9.036348) (end 9.833218 9.036348) (layer F.SilkS) (width 0.2))
    (fp_line (start 9.512942 15.739173) (end 10.454963 9.036348) (layer F.SilkS) (width 0.2))
    (fp_arc (start 8.522674 15.6) (end 9.512942 15.739173) (angle 82) (layer F.SilkS) (width 0.2))
    (fp_line (start 2.27536 9.036348) (end 1.372458 15.460826) (layer F.SilkS) (width 0.2))
    (fp_line (start 2.897104 9.036348) (end 2.27536 9.036348) (layer F.SilkS) (width 0.2))
    (fp_line (start 3.557816 9.611348) (end 2.897104 9.036348) (layer F.SilkS) (width 0.2))
    (fp_line (start 2.575625 16.6) (end 3.557816 9.611348) (layer F.SilkS) (width 0.2))
    (fp_line (start 2.362726 16.6) (end 2.575625 16.6) (layer F.SilkS) (width 0.2))
    (fp_arc (start 2.362726 15.6) (end 2.362726 16.6) (angle 98) (layer F.SilkS) (width 0.2))
    (fp_line (start 2.944407 8.944949) (end 3.922054 8.261348) (layer F.SilkS) (width 0.2))
    (fp_line (start 3.710143 9.611348) (end 2.944407 8.944949) (layer F.SilkS) (width 0.2))
    (fp_line (start 8.836376 9.611348) (end 3.710143 9.611348) (layer F.SilkS) (width 0.2))
    (fp_line (start 9.814024 8.927748) (end 8.836376 9.611348) (layer F.SilkS) (width 0.2))
    (fp_line (start 9.048288 8.261348) (end 9.814024 8.927748) (layer F.SilkS) (width 0.2))
    (fp_line (start 3.922054 8.261348) (end 9.048288 8.261348) (layer F.SilkS) (width 0.2))
    (fp_line (start 10.469017 8.936348) (end 11.227541 3.539173) (layer F.SilkS) (width 0.2))
    (fp_line (start 9.976233 8.936348) (end 10.469017 8.936348) (layer F.SilkS) (width 0.2))
    (fp_line (start 9.200615 8.261348) (end 9.976233 8.936348) (layer F.SilkS) (width 0.2))
    (fp_line (start 10.024374 2.4) (end 9.200615 8.261348) (layer F.SilkS) (width 0.2))
    (fp_line (start 10.237273 2.4) (end 10.024374 2.4) (layer F.SilkS) (width 0.2))
    (fp_arc (start 10.237273 3.4) (end 10.237273 2.4) (angle 98) (layer F.SilkS) (width 0.2))
    (fp_line (start 4.672288 2.4) (end 9.923391 2.4) (layer F.SilkS) (width 0.2))
    (fp_line (start 4.482558 3.75) (end 4.672288 2.4) (layer F.SilkS) (width 0.2))
    (fp_line (start 9.733661 3.75) (end 4.482558 3.75) (layer F.SilkS) (width 0.2))
    (fp_line (start 9.923391 2.4) (end 9.733661 3.75) (layer F.SilkS) (width 0.2))
    (fp_line (start 4.571305 2.4) (end 4.077324 2.399999) (layer F.SilkS) (width 0.2))
    (fp_line (start 3.747546 8.261348) (end 4.571305 2.4) (layer F.SilkS) (width 0.2))
    (fp_line (start 2.782198 8.936348) (end 3.747546 8.261348) (layer F.SilkS) (width 0.2))
    (fp_line (start 2.289414 8.936348) (end 2.782198 8.936348) (layer F.SilkS) (width 0.2))
    (fp_line (start 3.087056 3.260826) (end 2.289414 8.936348) (layer F.SilkS) (width 0.2))
    (fp_arc (start 4.077324 3.4) (end 3.087056 3.260826) (angle 82) (layer F.SilkS) (width 0.2))
    (fp_line (start 12.6 19) (end 0 19) (layer F.SilkS) (width 0.2))
    (fp_line (start 12.6 0) (end 12.6 19) (layer F.SilkS) (width 0.2))
    (fp_line (start 0 0) (end 12.6 0) (layer F.SilkS) (width 0.2))
    (fp_line (start 0 19) (end 0 0) (layer F.SilkS) (width 0.2))
    (fp_line (start 0 0) (end 12.6 0) (layer F.SilkS) (width 0.15))
    (fp_line (start 12.6 19) (end 0 19) (layer F.SilkS) (width 0.15))
    (fp_line (start 0 19) (end 0 0) (layer F.SilkS) (width 0.15))
    (fp_line (start 12.6 19) (end 12.6 0) (layer F.SilkS) (width 0.15))
    (pad 1 thru_hole circle (at 1.22 17.12) (size 1.524 1.524) (drill 0.762) (layers *.Cu *.Mask)
      (net 144 "Net-(DS15-Pad1)"))
    (pad 2 thru_hole circle (at 3.76 17.12) (size 1.524 1.524) (drill 0.762) (layers *.Cu *.Mask)
      (net 145 "Net-(DS15-Pad2)"))
    (pad 3 thru_hole circle (at 6.3 17.17) (size 1.524 1.524) (drill 0.762) (layers *.Cu *.Mask)
      (net 98 "Net-(DS1-Pad3)"))
    (pad 4 thru_hole circle (at 8.84 17.17) (size 1.524 1.524) (drill 0.762) (layers *.Cu *.Mask)
      (net 146 "Net-(DS15-Pad4)"))
    (pad 5 thru_hole circle (at 11.38 17.17) (size 1.524 1.524) (drill 0.762) (layers *.Cu *.Mask)
      (net 147 "Net-(DS15-Pad5)"))
    (pad 10 thru_hole circle (at 1.22 1.88) (size 1.524 1.524) (drill 0.762) (layers *.Cu *.Mask)
      (net 148 "Net-(DS15-Pad10)"))
    (pad 6 thru_hole circle (at 11.38 1.88) (size 1.524 1.524) (drill 0.762) (layers *.Cu *.Mask)
      (net 149 "Net-(DS15-Pad6)"))
    (pad 9 thru_hole circle (at 3.76 1.88) (size 1.524 1.524) (drill 0.762) (layers *.Cu *.Mask)
      (net 150 "Net-(DS15-Pad9)"))
